0 1 3 4 892
1 6 7 8 9 10    
2 11 12 13 14 15    
3 16 17 18 19 20    
4 21 22 23 24 25    
5 26 27 28 29 30    
6 31 32 33 34 35    
7 36 37 38 39 40    
8 41 42 43 44 45    
9 46 47 48 49 50    
10 51 52 53 54 55    
11 56 57 58 59 60    
12 61 62 63 64 65    
13 66 67 68 69 70    
14 71 72 73 74 75    
15 76 77 78 79 80    
16 81 82 83 84 85    
17 86 87 88 89 90    
18 91 92 93 94 95    
19 96 97 98 99 100    
20 101 102 103 104 105    
21 106 107 108 109 110    
22 111 112 113 114 115    
23 116 117 118 119 120    
24 121 122 123 124 125    
25 126 127 128 129 130    
26 131 132 133 134 135    
27 136 137 138 139 140    
28 141 142 143 144 145    
29 146 147 148 149 150    
30 151 152 153 154 155    
31 156 157 158 159 160    
32 161 162 163 164 165    
33 166 167 168 169 170    
34 171 172 173 174 175    
35 176 177 178 179 180    
36 181 182 183 184 185    
37 186 187 188 189 190    
38 191 192 193 194 195    
39 196 197 198 199 200    
40 201 202 203 204 205    
41 206 207 208 209 210    
42 211 212 213 214 215    
43 216 217 218 219 220    
44 221 222 223 224 225    
45 226 227 228 229 230    
46 231 232 233 234 235    
47 236 237 238 239 240    
48 241 242 243 244 245    
49 246 247 248 249 250    
50 251 252 253 254 255    
51 256 257 258 259 260    
52 261 262 263 264 265    
53 266 267 268 269 270    
54 271 272 273 274 275    
55 276 277 278 279 280    
56 281 282 283 284 285    
57 286 287 288 289 290    
58 291 292 293 294 295    
59 296 297 298 299 300    
60 301 302 303 304 305    
61 306 307 308 309 310    
62 311 312 313 314 315    
63 316 317 318 319 320    
64 321 322 323 324 325    
65 326 327 328 329 330    
66 331 332 333 334 335    
67 336 337 338 339 340    
68 341 342 343 344 345    
69 346 347 348 349 350    
70 351 352 353 354 355    
71 356 357 358 359 360    
72 361 362 363 364 365    
73 366 367 368 369 370    
74 371 372 373 374 375    
75 376 377 378 379 380    
76 381 382 383 384 385    
77 386 387 388 389 390    
78 391 392 393 394 395    
79 396 397 398 399 400    
80 401 402 403 404 405    
81 406 407 408 409 410    
82 411 412 413 414 415    
83 416 417 418 419 420    
84 421 422 423 424 425    
85 426 427 428 429 430    
86 431 432 433 434 435    
87 436 437 438 439 440    
88 441 442 443 444 445    
89 446 447 448 449 450    
90 451 452 453 454 455    
91 456 457 458 459 460    
92 461 462 463 464 465    
93 466 467 468 469 470    
94 471 472 473 474 475    
95 476 477 478 479 480    
96 481 482 483 484 485    
97 486 487 488 489 490    
98 491 492 493 494 495    
99 496 497 498 499 500    
100 501 502 503 504 505    
101 506 507 508 509 510    
102 511 512 513 514 515    
103 516 517 518 519 520    
104 521 522 523 524 525    
105 526 527 528 529 530    
106 531 532 533 534 535    
107 536 537 538 539 540    
108 541 542 543 544 545    
109 546 547 548 549 550    
110 551 552 553 554 555    
111 556 557 558 559 560    
112 561 562 563 564 565    
113 566 567 568 569 570    
114 571 572 573 574 575    
115 576 577 578 579 580    
116 581 582 583 584 585    
117 586 587 588 589 590    
118 591 592 593 594 595    
119 596 597 598 599 600    
120 601 602 603 604 605    
121 606 607 608 609 610    
122 611 612 613 614 615    
123 616 617 618 619 620    
124 621 622 623 624 625    
125 626 627 628 629 630    
126 631 632 633 634 635    
127 636 637 638 639 640    
128 641 642 643 644 645    
129 646 647 648 649 650    
130 651 652 653 654 655    
131 656 657 658 659 660    
132 661 662 663 664 665    
133 666 667 668 669 670    
134 671 672 673 674 675    
135 676 677 678 679 680    
136 681 682 683 684 685    
137 686 687 688 689 690    
138 691 692 693 694 695    
139 696 697 698 699 700    
140 701 702 703 704 705    
141 706 707 708 709 710    
142 711 712 713 714 715    
143 716 717 718 719 720    
144 721 722 723 724 725    
145 726 727 728 729 730    
146 731 732 733 734 735    
147 736 737 738 739 740    
148 741 742 743 744 745    
149 746 747 748 749 750    
150 751 752 753 754 755    
151 756 757 758 759 760    
152 761 762 763 764 765    
153 766 767 768 769 770    
154 771 772 773 774 775    
155 776 777 778 779 780    
156 781 782 783 784 785    
157 786 787 788 789 790    
158 791 792 793 794 795    
159 796 797 798 799 800    
160 801 802 803 804 805    
161 806 807 808 809 810    
162 811 812 813 814 815    
163 816 817 818 819 820    
164 821 822 823 824 825    
165 826 827 828 829 830    
166 831 832 833 834 835    
167 836 837 838 839 840    
168 841 842 843 844 845    
169 846 847 848 849 850    
170 851 852 853 854 855    
171 856 857 858 859 860    
172 861 862 863 864 865    
173 866 867 868 869 870    
174 871 872 873 874 875    
175 876 877 878 879 880    
176 881 882 883 884 885    
177 886 887 888 889 890    
178 891    
